4201     309.56679    767.98485
4202     303.84609    973.47613
4203     305.78921   1204.85517
4204     300.51911   1592.87049
4205     294.51355   1994.16525
4206     291.11032   2246.72880
4207     287.77100   2406.77222
4208     285.38529   2591.51575
4209     283.70849   2776.99038
4210     281.07655   2997.18508
4211     276.46061   3297.53268
2201     705.13479   1113.65712
2202     707.45159   1357.06714
2203     705.25834   1737.97765
2206     701.79861   2651.44621
2207     699.66321   2864.44827
2209     699.17978   3228.70009
4301    1186.32938    732.52286
4302    1184.61060    897.75000
4303    1186.95568   1217.50339
4304    1189.87301   1490.02138
4305    1193.36160   1763.70410
4306    1193.98544   2032.83825
4307    1198.57575   2250.23712
4308    1199.35251   2552.01581
4309    1201.71509   2824.27648
4310    1203.55780   3008.76459
4311    1207.20168   3226.19411
3301    1321.39359    951.57070
3302    1325.01774   1214.03386
3303    1328.03349   1470.99105
3304    1332.40305   1694.34147
3305    1334.60188   1949.00658
3306    1337.08371   2217.12498
3307    1338.70499   2330.93677
3308    1340.61502   2486.66325
3309    1342.03827   2686.81023
3310    1343.21624   2810.70853
3311    1343.09371   2958.54133
4801    1627.74007    701.78864
4802    1631.34215    885.36644
4803    1633.29607   1040.39522
4804    1638.28459   1360.07391
4805    1644.27525   1641.55099
4806    1648.98729   1933.52977
4807    1651.83750   2156.00019
4808    1655.82907   2390.65593
4809    1660.93054   2646.66881
4810    1664.13600   2841.36058
4811    1667.01794   3053.55121
3801    1736.46338    858.55566
3802    1743.63515   1032.00181
3803    1743.53296   1197.39594
3804    1753.36326   1454.87681
3805    1759.70756   1686.01360
3806    1760.73427   1941.38075
3807    1767.29955   2200.26529
3808    1768.86574   2317.74123
3809    1771.30508   2506.88274
3810    1773.67345   2648.39262
3811    1777.73073   2847.19899
3812    1780.06733   3052.84263
2801    1835.41090    990.99778
2802    1837.49127   1150.05019
2803    1839.07141   1298.14863
2804    1846.34437   1480.41601
2805    1847.93844   1660.36178
2806    1855.55929   1881.58429
2807    1857.24020   2047.33110
2808    1863.38692   2261.60906
2809    1868.28125   2453.35451
2810    1875.47355   2773.00983
2811    1880.11661   3001.87335
2812    1885.45560   3214.17708
4401    2093.25612    699.60921
4402    2095.61064    876.56774
4403    2108.77930   1189.28998
4404    2118.59160   1514.07063
4405    2126.32110   1820.08231
4406    2131.45515   2061.16705
4407    2140.14001   2382.43145
4408    2148.29621   2700.28953
4409    2156.62246   2951.34300
4410    2165.85328   3310.41717
3402    2159.64402   1015.34139
3403    2166.55237   1241.75454
3404    2181.13641   1608.71399
3405    2191.62085   1965.58991
3406    2197.70771   2211.96763
3407    2203.93631   2460.19997
3408    2209.18026   2711.42955
3409    2217.18686   2965.87435
2401    2206.77754   1040.79058
2402    2217.81111   1344.47169
2403    2226.24119   1582.00551
2404    2235.93478   1889.87562
2405    2243.91818   2144.06126
2406    2249.42095   2342.61513
2407    2256.53881   2570.52909
2408    2261.22389   2802.49729
